37034
49344
37493
59494
54897
31829
28769
17676
55446
11894
4582
15023
18570
29116
7810
45703
41361
56457
8796
48166
10086
53453
1435
41471
42617
11849
13464
21750
47242
57715
47373
52998
29231
5652
1704
21675
41485
7194
33150
11272
48572
29542
15043
22255
23647
41068
10899
39759
43184
19509
25580
4894
36119
13833
44479
9077
57762
55567
20441
2155
34395
37839
12378
43806
55842
6045
64763
44697
16337
60035
42613
8744
36478
39829
64160
4503
7959
47086
28417
57510
16177
41528
59523
33899
53042
47037
26953
61010
46808
219
27215
26174
14218
24505
22225
55127
23808
25376
10978
51848
23612
46379
55325
44429
25396
29157
31320
13213
37626
29042
62968
55186
53009
59395
43307
29976
181
23605
62505
22879
349
20069
33259
16879
50621
31138
7622
21560
40772
5399
10849
57387
38703
11186
22153
38431
28758
847
17445
64140
50631
44378
32721
13091
55526
33938
23526
36497
56173
24359
11073
19772
5584
11635
38400
33717
2589
13488
43029
24961
17372
61085
3611
36565
40972
13002
13235
44014
35387
53523
36583
41733
38409
22149
63746
29969
29911
49883
7736
22367
5781
27975
38285
26434
43115
61322
22797
22399
36144
24208
3718
23370
40871
23650
49749
10936
26317
10315
31526
26262
3535
1002
63086
23622
11635
22182
11523
22368
55449
31045
11437
21744
4717
4309
51794
13673
22587
12197
36743
1270
19371
60494
41276
53292
45550
56989
47880
54060
57887
38981
30377
56736
44621
8249
8388
9380
45111
7058
13881
44801
25190
21014
10090
13908
22743
53045
13380
2852
24411
63201
39840
61568
61528
30751
9754
20570
57821
20992
28389
53739
60029
58129
36840
39397
43005
47940
53369
3862
41319
11670
10978
18293
43260
13542
25519
34818
29420
30585
45488
61256
59435
8755
46615
17729
739
4153
37939
30156
256
39335
8032
50008
43592
21602
20254
49134
55274
45406
58346
29103
31816
22214
34558
14193
4242
20754
51816
28823
37789
8700
37289
8939
34703
35097
21499
51229
35777
54949
52269
42328
4792
10764
28092
1980
8930
11100
63166
4951
14492
23835
49550
32037
686
56144
54072
11897
25811
18734
50098
63132
38725
24812
28208
49480
23589
25930
14716
21436
44286
61963
52659
2269
22713
62710
15636
64912
18123
5022
15393
21297
17366
20355
45373
48464
49240
17102
2256
15243
63451
65395
44904
20293
55370
8674
25437
63649
21121
31596
47533
32137
45088
20362
59862
16990
9348
13938
24934
33972
10419
36702
40234
28518
47435
2374
41595
687
17225
12953
12935
36026
50733
33592
27307
46643
22706
49264
9099
23581
3685
33988
41814
58293
2301
46472
29311
22568
60894
41659
39834
19130
49054
53872
54006
5912
19036
13544
57285
13543
35103
55576
51847
42963
8111
40798
25199
20026
49345
51637
26754
52913
63741
23012
23226
42043
52629
42885
26326
23025
11853
30004
25231
24614
49141
36449
57730
8194
43727
57850
11990
36423
8562
27158
21838
39937
21924
35270
45824
35611
45712
61679
16798
34556
62490
24165
41056
31967
8941
39658
40104
16125
33168
57432
63779
38571
2472
12164
17494
18145
34443
16711
56820
49227
34091
11281
47511
44136
60840
13247
54418
42063
62121
46347
48894
44074
12904
44436
34016
5169
7911
64735
59097
32063
35611
24233
20800
10358
11072
2824
47151
51404
56403
25096
15930
33049
8927
38541
54598
62417
55716
47996
21701
37059
58782
14139
31145
3035
46251
34850
2474
60306
40737
35097
47304
55673
8334
25766
15330
10343
31233
65027
8618
21918
15738
28695
2786
521
40999
359
53072
33090
13519
32388
7476
2973
58023
49795
30906
26876
60409
33499
61139
31281
38088
29103
50873
61538
14643
62395
26147
15191
16126
64909
4332
56149
29350
62238
15757
53027
53244
25893
42661
28072
1442
19747
50940
8700
56121
33871
62349
58292
242
63062
11739
61712
17783
55276
9028
63683
8820
36401
41799
6748
31028
6090
25168
43635
1409
36556
53135
38820
56851
44105
32284
27251
34008
16096
31560
51644
55203
62979
28900
64058
16381
12199
41341
10245
273
5662
22969
16029
31064
3111
961
24072
46247
26114
31754
29539
12156
50180
59448
24444
12081
5539
9562
18749
26979
42986
57561
308
51364
30606
49939
41666
10880
57870
23155
13245
52375
23147
1422
55113
26875
53626
14659
4780
30330
28592
43224
40151
44417
13076
63521
39381
30347
10148
24257
64617
47464
44941
38545
63486
11783
39675
24874
65112
44312
22959
8515
9406
33287
4771
26311
3741
44553
58560
51138
38297
48647
32404
4010
29485
63665
57057
16751
44177
32797
46255
25170
37060
41016
1954
47869
49333
4671
41219
40225
9412
64217
61247
42248
28518
58674
43280
29537
3336
57145
26421
33669
15203
6911
25541
51272
45265
25630
61725
19750
23757
12293
28776
7584
41003
51532
17668
224
3000
56061
42657
14080
35181
36226
15545
55101
31987
11671
4681
58813
14010
31429
60846
56365
16164
55420
11717
36098
57245
40836
32630
52587
42085
14043
38414
45235
48424
49215
22784
53433
27371
28365
930
52487
31034
51897
37646
62598
58750
34111
44035
51206
50116
14564
14988
29885
31421
48417
20368
35159
4925
7938
53709
27860
28786
64269
8132
42998
22426
54724
43975
63317
40570
12208
23094
43227
12659
52808
12502
47740
54018
64662
60647
64673
4407
9029
55468
34984
26646
57395
47281
50588
31887
59352
43362
2733
51408
14139
3817
29471
39504
2468
22496
24910
27293
19123
55174
27058
4006
55632
47624
19059
3420
29507
25950
17296
11084
61834
5980
40409
60260
5039
24145
44974
22024
16924
2314
58439
57503
52620
17767
39194
49586
31160
1690
25504
30293
56461
9537
2935
23173
59019
28836
14665
12111
62981
37224
15586
4224
10945
59209
954
26215
25450
46412
16532
43281
53112
65119
11069
36803
20491
28678
10483
27485
54752
60799
4395
45875
27446
35890
51959
9164
58242
44650
19500
33921
4490
64362
59419
11706
35804
6261
40773
38064
10536
40255
16173
27760
34529
60403
35011
46440
48641
33216
59327
24266
22785
27845
7489
52758
13443
51153
26382
49953
3781
8075
25188
4227
39500
12292
8349
37739
13102
31016
33799
45279
13747
15521
8153
31651
5459
54403
3563
898
63054
16397
48007
20202
50938
52928
52015
10480
53693
2771
16076
27124
64298
15963
3106
16080
26984
736
38674
25521
4324
21983
55855
25319
36605
19916
292
59207
